{
 "cells": [
  {
   "cell_type": "markdown",
   "metadata": {},
   "source": [
    "TOPICS = DIMENSIONS OF EXPERIENCE\n",
    "102723 GET TOPIC-TOPIC MATRIX FROM TOPIC-TERM MATRIX"
   ]
  },
  {
   "cell_type": "code",
   "execution_count": 1,
   "metadata": {},
   "outputs": [],
   "source": [
    "### ALL NECESSARY LIBRARIES ###\n",
    "import pandas as pd\n",
    "import numpy as np\n",
    "# for saving variables\n",
    "import pickle\n",
    "\n",
    "# plotting\n",
    "import plotly.express as px\n",
    "import plotly.graph_objects as go\n",
    "\n",
    "# network libraries\n",
    "import networkx as nx\n",
    "# import hypernetx as hnx\n",
    "\n",
    "# pyarrow and/or multiprocessing (multithreading)\n",
    "\n",
    "# !pip install dash==0.29.0\n",
    "# !pip install dash --upgrade\n",
    "\n",
    "# dash\n",
    "import dash\n",
    "from dash import dcc, html, Output, Input\n",
    "# from dash.dependencies import Output, Input\n",
    "# from dash import html\n"
   ]
  },
  {
   "cell_type": "code",
   "execution_count": 2,
   "metadata": {},
   "outputs": [],
   "source": [
    "## IMPORT DATA ##\n",
    "with open('feature filtering/personascombined_feat_app_matrix_gpt4_030424.pkl', 'rb') as f:\n",
    "    all_prompts = pickle.load(f)\n",
    "    \n",
    "with open('feature filtering/personascombined_final_features_filtered_gpt4_030424.pkl', 'rb') as f:\n",
    "    filtered_vocab = pickle.load(f)\n",
    "\n",
    "with open('feature filtering/personascombined_final_documents_gpt4_030424.pkl', 'rb') as f:\n",
    "    final_docs = pickle.load(f)\n",
    "\n",
    "# importing each persona\n",
    "\n",
    "with open('feature filtering/persona1_final_documents_gpt4_030424.pkl', 'rb') as f:\n",
    "    final_docs1 = pickle.load(f)\n",
    "\n",
    "with open('feature filtering/persona2_final_documents_gpt4_030424.pkl', 'rb') as f:\n",
    "    final_docs2 = pickle.load(f)\n",
    "\n",
    "with open('feature filtering/persona3_final_documents_gpt4_030424.pkl', 'rb') as f:\n",
    "    final_docs3 = pickle.load(f)\n"
   ]
  },
  {
   "cell_type": "code",
   "execution_count": 3,
   "metadata": {},
   "outputs": [
    {
     "ename": "NameError",
     "evalue": "name 'CountVectorizer' is not defined",
     "output_type": "error",
     "traceback": [
      "\u001b[0;31m---------------------------------------------------------------------------\u001b[0m",
      "\u001b[0;31mNameError\u001b[0m                                 Traceback (most recent call last)",
      "\u001b[0;32m<ipython-input-3-628a852e5b7d>\u001b[0m in \u001b[0;36m<module>\u001b[0;34m\u001b[0m\n\u001b[1;32m      3\u001b[0m \u001b[0mfinal_text\u001b[0m \u001b[0;34m=\u001b[0m \u001b[0mfinal_docs\u001b[0m\u001b[0;34m\u001b[0m\u001b[0;34m\u001b[0m\u001b[0m\n\u001b[1;32m      4\u001b[0m \u001b[0;34m\u001b[0m\u001b[0m\n\u001b[0;32m----> 5\u001b[0;31m \u001b[0mcount_vect\u001b[0m \u001b[0;34m=\u001b[0m \u001b[0mCountVectorizer\u001b[0m\u001b[0;34m(\u001b[0m\u001b[0mvocabulary\u001b[0m\u001b[0;34m=\u001b[0m\u001b[0mchosen_features\u001b[0m\u001b[0;34m,\u001b[0m \u001b[0mngram_range\u001b[0m\u001b[0;34m=\u001b[0m\u001b[0;34m(\u001b[0m\u001b[0;36m1\u001b[0m\u001b[0;34m,\u001b[0m \u001b[0;36m3\u001b[0m\u001b[0;34m)\u001b[0m\u001b[0;34m,\u001b[0m \u001b[0mtoken_pattern\u001b[0m\u001b[0;34m=\u001b[0m\u001b[0;34mr\"(?u)\\b\\w[\\w-]*\\w\\b\"\u001b[0m\u001b[0;34m)\u001b[0m\u001b[0;34m\u001b[0m\u001b[0;34m\u001b[0m\u001b[0m\n\u001b[0m\u001b[1;32m      6\u001b[0m \u001b[0mtfidf_vect\u001b[0m \u001b[0;34m=\u001b[0m \u001b[0mTfidfVectorizer\u001b[0m\u001b[0;34m(\u001b[0m\u001b[0mvocabulary\u001b[0m\u001b[0;34m=\u001b[0m\u001b[0mchosen_features\u001b[0m\u001b[0;34m,\u001b[0m \u001b[0mngram_range\u001b[0m\u001b[0;34m=\u001b[0m\u001b[0;34m(\u001b[0m\u001b[0;36m1\u001b[0m\u001b[0;34m,\u001b[0m \u001b[0;36m3\u001b[0m\u001b[0;34m)\u001b[0m\u001b[0;34m,\u001b[0m \u001b[0mtoken_pattern\u001b[0m\u001b[0;34m=\u001b[0m\u001b[0;34mr\"(?u)\\b\\w[\\w-]*\\w\\b\"\u001b[0m\u001b[0;34m)\u001b[0m\u001b[0;34m\u001b[0m\u001b[0;34m\u001b[0m\u001b[0m\n\u001b[1;32m      7\u001b[0m \u001b[0mbow_matrix\u001b[0m \u001b[0;34m=\u001b[0m \u001b[0mcount_vect\u001b[0m\u001b[0;34m.\u001b[0m\u001b[0mfit_transform\u001b[0m\u001b[0;34m(\u001b[0m\u001b[0mfinal_text\u001b[0m\u001b[0;34m)\u001b[0m\u001b[0;34m\u001b[0m\u001b[0;34m\u001b[0m\u001b[0m\n",
      "\u001b[0;31mNameError\u001b[0m: name 'CountVectorizer' is not defined"
     ]
    }
   ],
   "source": [
    "chosen_features = filtered_vocab\n",
    "#final_text = final_docs #person here\n",
    "final_text = final_docs\n",
    "\n",
    "count_vect = CountVectorizer(vocabulary=chosen_features, ngram_range=(1, 3), token_pattern=r\"(?u)\\b\\w[\\w-]*\\w\\b\")\n",
    "tfidf_vect = TfidfVectorizer(vocabulary=chosen_features, ngram_range=(1, 3), token_pattern=r\"(?u)\\b\\w[\\w-]*\\w\\b\")\n",
    "bow_matrix = count_vect.fit_transform(final_text)\n",
    "tfidf_matrix = tfidf_vect.fit_transform(final_text)"
   ]
  },
  {
   "cell_type": "code",
   "execution_count": 4,
   "metadata": {},
   "outputs": [],
   "source": [
    "## DOCUMENTS, FEATURES, AND VECTORIZER\n",
    "from sklearn.feature_extraction.text import CountVectorizer, TfidfVectorizer\n",
    "\n",
    "chosen_features = filtered_vocab\n",
    "#final_text = final_docs #person here\n",
    "final_text1 = final_docs1\n",
    "\n",
    "count_vect1 = CountVectorizer(vocabulary=chosen_features, ngram_range=(1, 3), token_pattern=r\"(?u)\\b\\w[\\w-]*\\w\\b\")\n",
    "tfidf_vect1 = TfidfVectorizer(vocabulary=chosen_features, ngram_range=(1, 3), token_pattern=r\"(?u)\\b\\w[\\w-]*\\w\\b\")\n",
    "bow_matrix1 = count_vect1.fit_transform(final_text1)\n",
    "tfidf_matrix1 = tfidf_vect1.fit_transform(final_text1)"
   ]
  },
  {
   "cell_type": "code",
   "execution_count": 13,
   "metadata": {},
   "outputs": [
    {
     "name": "stdout",
     "output_type": "stream",
     "text": [
      "ineffable ineffable emotionally overwhelm overwhelm ineffable ineffable frustrate ineffable\n",
      "clarity sudden understanding enhance understanding sudden clarity inner  mental clarity clarity mental realization deep internal understanding sudden deep sense understand emotionally uplift clarity perspective shift\n"
     ]
    }
   ],
   "source": [
    "print(final_text1[2])\n",
    "print(final_text1[3])"
   ]
  },
  {
   "cell_type": "code",
   "execution_count": 16,
   "metadata": {},
   "outputs": [
    {
     "name": "stdout",
     "output_type": "stream",
     "text": [
      "ineffable language beyond ineffable comprehension beyond ineffable ineffable sensation ineffable\n",
      "clarity sudden sense certainty enlightenment clarity sudden understand confidence enlightenment sense increase self confidence sense inner clarity inner sense understanding deep sudden comprehension warmth internal satisfaction emotional clarity sense understanding sudden\n"
     ]
    }
   ],
   "source": [
    "print(final_text2[2])\n",
    "print(final_text2[3])"
   ]
  },
  {
   "cell_type": "code",
   "execution_count": 17,
   "metadata": {},
   "outputs": [
    {
     "name": "stdout",
     "output_type": "stream",
     "text": [
      "overwhelm language comprehension beyond language comprehension beyond frustrate emotionally profound expression beyond verbal cognitive exhaustion\n",
      "understanding deep clarity sudden satisfaction emotional clarity sudden sense certainty perspective shift realization deep inner understanding sudden clarity sense enlighten understanding sudden stimulate mentally mental clarity clarity mental satisfaction emotional sense understand\n"
     ]
    }
   ],
   "source": [
    "print(final_text3[2])\n",
    "print(final_text3[3])"
   ]
  },
  {
   "cell_type": "code",
   "execution_count": 10,
   "metadata": {},
   "outputs": [
    {
     "name": "stdout",
     "output_type": "stream",
     "text": [
      "[0 0 5 0 0 0 0 0 0 0 0 0 0 0 0 0 0 0 0 0 0 0 0 0 0 0 0 0 0 0 0 0 0 0 0 0 0\n",
      " 0 0 0 0 0 0 0 0 0 0 0 0 0 0 0 0 0 0 0 0 0 0 0 0 0 0 0 0 0 0 0 0 0 0 0 0 0\n",
      " 0 0 0 0 0 0 0 0 0 0 0 0 0 0 0 0 0 0 0 0 0 0 0 0 0 0 0 0 0 0 0 0 0 0 0 0 0\n",
      " 0 0 0 0 0 0 0 0 0 0 0 0 0 0 0 0 0 0 0 0 0 0 0 0 0 0 0 0 0 0 0 0 0 0 0 0 0\n",
      " 0 0 0 0 0 0 0 0 0 0 0 0 0 0 1 0 0 0 0 0 0 0 0 0 0 0 0 0 0 0 0 0 0 0 0 0 0\n",
      " 0 0 0 0 0 0 0 0 0 0 0 0 0 0 0 0 0 0 0 0 0 0 0 0 0 0 0 0 0 0 0 0 0 0 0 0 0\n",
      " 0 0 0 0 0 0 0 0 0 0 0 0 0 0 0 0 0 0 0 0 0 0 0 0 0 0 0 0 0 0 1 0 0 0 0 0 0\n",
      " 0 0 0 0 0 0 0 0 0 0 0 0 0 0 0 0 0 0 0 0 0 0 0 0 0 0 0 0 0 0 0 0 0 0 0 0 0\n",
      " 0 0 0 0 0 0 0 0 0 0 0 0 0 0 0 0 0 0 0 0 0 0 0 0 0 0 0 0 0 0 0 0 0 0 0 0 0\n",
      " 0 0 0 0 0 0 0 0 0 0 0 0 0 0 0 0 0 0 0 0 0 0 0 0 0 0 0 0 0 0 0 0 0 0 0 0 0\n",
      " 0 0 0 0 0 0 0 0 0 0 0 0 0 0 0 0 0 0 0 0 0 0 0 0 0 0 0 0 0 0 0 0 0 0 0 0 0\n",
      " 0 0 0 0 0 0 0 0 0 0 0 0 0 0 0 0 0 0 0 0 0 0 0 0 0 0 0 0 0 0 0 0 0 0 0 0 0\n",
      " 0 0 0 0 0 0 0 0 0 0 0 0 0 0 0 0 0 0 0 0 0 0 0 0 0 0 0 0 0 0 0 0 0 0 0 0 0\n",
      " 0 0 0 0 0 0 0 0 0 0 0 0 0 0 0 0 0 0 0 0 0 0 0 0 0 0 0 0 0 0 0 0 0 0 0 0 0\n",
      " 0 0 0 0 0 0 0 0 0 0 0 0 0 0 0 0 0 0 0 0 0 0 0 0 0 0 0 0 0 0 0 0 0 0 0 0 0\n",
      " 0 0 0 0 0 0 0 0 0 0 0 0 0 0 0 0 0 0 0 0 0 0 0 0 0 0 0 0 0 0 0 0 0 0 0 0 0\n",
      " 0 0 0 0 0 0 0 0 0 0 0 0 0 0 0 0 0 0 0 0 0 0 0 0 0 0 0 0 0 0 0 0 0 2 0 0 0]\n",
      "[0 2 0 0 0 0 0 0 0 0 0 0 0 0 0 0 0 0 0 0 0 0 0 0 0 0 0 0 0 0 0 0 0 0 0 0 0\n",
      " 0 0 0 0 0 0 0 0 0 0 0 0 0 0 0 0 0 0 0 0 0 0 0 0 0 0 0 1 0 0 0 0 0 0 0 0 0\n",
      " 0 0 0 0 0 0 0 0 0 0 0 0 0 0 0 0 0 0 0 0 0 0 0 0 0 0 0 0 0 0 0 0 0 0 0 0 0\n",
      " 0 0 0 0 0 3 0 0 0 0 0 0 0 0 0 0 0 0 0 0 0 0 0 0 0 0 0 0 0 1 0 0 0 0 0 0 0\n",
      " 0 0 0 0 0 0 1 0 0 0 0 0 0 0 0 0 0 0 0 0 0 0 0 0 0 0 0 0 1 0 0 0 0 0 0 0 0\n",
      " 0 0 0 0 0 0 0 0 0 0 0 0 0 0 0 0 0 0 0 0 0 0 0 0 0 0 0 0 0 0 0 0 0 0 0 0 0\n",
      " 0 0 0 0 0 0 0 0 0 0 0 0 0 0 0 0 0 0 0 0 0 0 0 0 0 0 0 0 0 0 1 0 0 0 0 0 0\n",
      " 0 0 0 0 0 0 0 0 0 0 0 0 0 0 0 0 0 0 0 0 0 0 0 0 0 0 0 0 0 0 0 0 0 0 0 0 0\n",
      " 0 0 0 0 0 0 0 0 0 0 0 0 0 0 0 0 0 0 0 0 0 0 0 0 0 0 0 0 0 0 0 0 0 0 0 0 0\n",
      " 0 0 0 0 0 0 0 0 0 0 0 0 0 0 0 0 0 0 0 0 0 0 0 1 0 0 0 0 0 0 0 0 0 0 0 0 0\n",
      " 0 0 0 0 0 0 0 0 0 1 0 0 0 0 0 0 0 0 0 0 0 0 0 0 0 0 0 0 0 0 1 0 0 0 0 0 0\n",
      " 0 2 0 0 0 0 0 0 0 0 0 0 0 0 0 0 0 0 0 0 0 0 0 0 0 0 0 0 0 0 0 0 0 0 0 0 0\n",
      " 0 0 0 0 0 0 0 0 0 0 0 0 0 0 0 0 0 0 0 0 0 0 0 0 0 0 0 0 0 0 0 0 0 0 0 0 0\n",
      " 0 0 0 3 0 0 0 0 0 0 0 0 0 0 0 0 0 0 0 0 0 0 0 0 0 0 5 0 0 0 0 0 0 0 0 0 0\n",
      " 0 0 0 0 0 0 0 0 0 0 0 0 0 0 0 0 0 0 0 0 0 0 1 0 0 0 0 0 0 0 0 0 0 0 0 0 0\n",
      " 0 0 0 0 0 0 0 0 0 0 0 0 0 0 0 0 0 0 0 0 0 0 0 0 0 0 0 0 0 0 0 0 0 0 0 0 0\n",
      " 0 0 0 0 0 0 0 0 0 1 0 0 0 0 0 0 0 0 0 0 0 0 0 0 0 0 0 0 0 0 0 0 0 0 0 0 1]\n"
     ]
    }
   ],
   "source": [
    "test1 = bow_matrix1.toarray()\n",
    "print(test1[2]) #row 3\n",
    "print(test1[3]) #row 4"
   ]
  },
  {
   "cell_type": "code",
   "execution_count": 14,
   "metadata": {},
   "outputs": [],
   "source": [
    "#persona 2\n",
    "chosen_features = filtered_vocab\n",
    "final_text2 = final_docs2\n",
    "\n",
    "count_vect2 = CountVectorizer(vocabulary=chosen_features, ngram_range=(1, 3), token_pattern=r\"(?u)\\b\\w[\\w-]*\\w\\b\")\n",
    "tfidf_vect2 = TfidfVectorizer(vocabulary=chosen_features, ngram_range=(1, 3), token_pattern=r\"(?u)\\b\\w[\\w-]*\\w\\b\")\n",
    "bow_matrix2 = count_vect2.fit_transform(final_text2)\n",
    "tfidf_matrix2 = tfidf_vect2.fit_transform(final_text2)"
   ]
  },
  {
   "cell_type": "code",
   "execution_count": 15,
   "metadata": {},
   "outputs": [],
   "source": [
    "#persona 3\n",
    "chosen_features = filtered_vocab\n",
    "final_text3 = final_docs3\n",
    "\n",
    "count_vect3 = CountVectorizer(vocabulary=chosen_features, ngram_range=(1, 3), token_pattern=r\"(?u)\\b\\w[\\w-]*\\w\\b\")\n",
    "tfidf_vect3 = TfidfVectorizer(vocabulary=chosen_features, ngram_range=(1, 3), token_pattern=r\"(?u)\\b\\w[\\w-]*\\w\\b\")\n",
    "bow_matrix3 = count_vect3.fit_transform(final_text3)\n",
    "tfidf_matrix3 = tfidf_vect3.fit_transform(final_text3)"
   ]
  },
  {
   "cell_type": "code",
   "execution_count": 18,
   "metadata": {},
   "outputs": [
    {
     "data": {
      "text/plain": [
       "50"
      ]
     },
     "execution_count": 18,
     "metadata": {},
     "output_type": "execute_result"
    }
   ],
   "source": [
    "# THEORETICAL SIMILARITY MATRIX (JUST USING TO GET INDICES FOR SELECTED ITEMS)\n",
    "with open('topic analysis/theoretical_similarity_092623.pkl', 'rb') as f:\n",
    "    theoretical_similarity = pickle.load(f)\n",
    "\n",
    "theoretical_similarity_matrix = theoretical_similarity['theoretical_similarity_matrix']\n",
    "theoretical_similarity_prompt_dictionary = theoretical_similarity['theoretical_similarity_prompt_dictionary']\n",
    "theoretical_similarity_df = theoretical_similarity['theoretical_similarity_df']\n",
    "\n",
    "# Convert the dictionary to a list of key-value pairs\n",
    "items_list = list(theoretical_similarity_prompt_dictionary.items())\n",
    "\n",
    "# Sort the list based on the third element (index 2) and then the second element (index 1) of the tuple\n",
    "sorted_items = sorted(items_list, key=lambda item: (str(item[1][2]), str(item[1][1])))\n",
    "\n",
    "# Convert the sorted list back into a dictionary\n",
    "sorted_data = dict(sorted_items)\n",
    "indices = list(sorted_data.keys())\n",
    "# indices\n",
    "\n",
    "selected_items = list(range(0,25)) + list(range(35,47)) + list(range(57,70))\n",
    "\n",
    "theoretical_similarity_matrix = theoretical_similarity_matrix[selected_items][:, selected_items]        # or indices, if not selected\n",
    "\n",
    "len(selected_items)\n",
    "sorted_items_selected = [sorted_items[i] for i in selected_items]\n",
    "# for i in sorted_items_selected:\n",
    "#     print(i)\n",
    "\n",
    "sorted_items_selected_dict = {key: value for key, value in sorted_items_selected}\n",
    "matching_indices = [index for value in sorted_items_selected_dict.values() for index, row in all_prompts.iterrows() if row['no_punct_prompt'] == value[0]]          # or sorted_data (for 70,70)\n",
    "len(matching_indices)"
   ]
  },
  {
   "cell_type": "code",
   "execution_count": 19,
   "metadata": {},
   "outputs": [],
   "source": [
    "original_similarity_full = cosine_similarity(bow_matrix)\n",
    "original_distance_full = cosine_distances(bow_matrix)\n",
    "\n",
    "original_similarity_subset = cosine_similarity(bow_matrix[matching_indices])\n",
    "original_distance_subset = cosine_distances(bow_matrix[matching_indices])"
   ]
  },
  {
   "cell_type": "code",
   "execution_count": 8,
   "metadata": {},
   "outputs": [
    {
     "data": {
      "application/vnd.plotly.v1+json": {
       "config": {
        "plotlyServerURL": "https://plot.ly"
       },
       "data": [
        {
         "colorscale": [
          [
           0,
           "#440154"
          ],
          [
           0.1111111111111111,
           "#482878"
          ],
          [
           0.2222222222222222,
           "#3e4989"
          ],
          [
           0.3333333333333333,
           "#31688e"
          ],
          [
           0.4444444444444444,
           "#26828e"
          ],
          [
           0.5555555555555556,
           "#1f9e89"
          ],
          [
           0.6666666666666666,
           "#35b779"
          ],
          [
           0.7777777777777778,
           "#6ece58"
          ],
          [
           0.8888888888888888,
           "#b5de2b"
          ],
          [
           1,
           "#fde725"
          ]
         ],
         "type": "heatmap",
         "z": [
          [
           1,
           0.41323725306705394,
           0.5445109326963433,
           0.6869881480145306,
           0.6098575485375226,
           0.5030084237156965,
           0.6419807446651313,
           0.7938121943838372,
           0.39529054538530106,
           0.472906004845337,
           0.644495454432556,
           0.3031708566238036,
           0.6807654641784815,
           0.43676087234609123,
           0.4271605599504614,
           0.7751941961837832,
           0.352101419815464,
           0.5607432475658728,
           0.1992806991450049,
           0.3492431486896037,
           0.42409843760324983,
           0.29298810014339044,
           0.5474200704603844,
           0.2309802449048398,
           0.41087416486223394,
           0.026625281725052484,
           0.04060175624439333,
           0.5013642590159167,
           0.06729469005952408,
           0.19437845056815617,
           0,
           0.1334876749845192,
           0.17005302933757238,
           0.4329860147206497,
           0.09109983714512804,
           0,
           0.12933678006074076,
           0.15263009133189545,
           0.25607375986579195,
           0.045267873021259265,
           0.1187122932581409,
           0.04694059764623649,
           0,
           0.06466839003037038,
           0.16839306718964578,
           0.14229055560301718,
           0,
           0.2732995114353841,
           0.022633936510629633,
           0.3251492617141146
          ],
          [
           0.41323725306705394,
           0.9999999999999998,
           0.757282445662753,
           0.511987811646309,
           0.5776508941874456,
           0,
           0.5643202107628984,
           0.6682951125722248,
           0.03465834966066909,
           0.31139957766460913,
           0.606521119061709,
           0.3162277660168379,
           0.4862106724413914,
           0.6055300708194984,
           0.4710841643008948,
           0.5742569045004267,
           0.5163977794943222,
           0.42636479871203725,
           0.305420454041261,
           0.3235894697414244,
           0.3385309064224042,
           0.4923659639173309,
           0.5913889858988641,
           0.34503277967117707,
           0.4142839674350901,
           0,
           0.027292470704746757,
           0.43958698226385795,
           0.09499442651092728,
           0.21380899352993948,
           0,
           0,
           0.17962924780409972,
           0.43657932126865384,
           0.0816496580927726,
           0.029617443887954616,
           0.2086562123829204,
           0.25649458802128855,
           0.04303314829119352,
           0,
           0.08549819600709618,
           0,
           0,
           0,
           0.2759096339857058,
           0.2363058523195222,
           0,
           0.2857738033247041,
           0.04564354645876384,
           0.32056213894608643
          ],
          [
           0.5445109326963433,
           0.757282445662753,
           0.9999999999999998,
           0.7953949089757175,
           0.8255008255012384,
           0.09783186641991003,
           0.7918540214305065,
           0.820922069065183,
           0.08858078930362388,
           0.19897095972842183,
           0.6200655251253673,
           0.2634211096392698,
           0.609152438272746,
           0.6878359394287947,
           0.7185838756531913,
           0.6885515657081083,
           0.4766031238193983,
           0.6106616574705399,
           0.20998656367149776,
           0.2810851875418669,
           0.3035883703594582,
           0.4194676139809671,
           0.8135914372694383,
           0.28414990310523747,
           0.3208602027867069,
           0.08386202532078393,
           0.12400865378081799,
           0.6616218662079388,
           0.11561401869513056,
           0.3541864320860346,
           0.07332355751067664,
           0.07644509315459483,
           0.28751811537130434,
           0.661227712272222,
           0.09274777915203367,
           0.03364315551262445,
           0.17776314766807289,
           0.2622224460366293,
           0.04888237167378443,
           0.03888568855239095,
           0.1845269064702206,
           0.02150537634408602,
           0.055427399547369326,
           0,
           0.30135796500953416,
           0.2780120324624745,
           0,
           0.3130237546381136,
           0.06480948092065159,
           0.3806856717997799
          ],
          [
           0.6869881480145306,
           0.511987811646309,
           0.7953949089757175,
           1,
           0.9091372900969897,
           0.23344490545796667,
           0.929758875058618,
           0.8776306913981973,
           0.14091341769030624,
           0.15826048840199922,
           0.6106248099913271,
           0.1714285714285714,
           0.6718632241599714,
           0.6134165019391258,
           0.6445228018601954,
           0.8287118045015944,
           0.38880789567986956,
           0.6029592498108506,
           0.1888077537451296,
           0.36115755925730764,
           0.33806170189140666,
           0.3558852316166962,
           0.8786671569190045,
           0.23380488239570613,
           0.3062526861473555,
           0,
           0.012329481485774374,
           0.6950480468569158,
           0.061305867917553505,
           0.3139144374705919,
           0,
           0.024321615164535675,
           0.28033022315406064,
           0.677649797173155,
           0.07377111135633174,
           0.013379797308309915,
           0.20030519543313546,
           0.23174488732966078,
           0.09720197391996739,
           0.010309826235529031,
           0.0772482957765536,
           0.017105266859692846,
           0.022043335708870272,
           0.07069595132934192,
           0.2684624220856098,
           0.2135042050734495,
           0,
           0.3504127789425758,
           0.10309826235529032,
           0.394950580786364
          ],
          [
           0.6098575485375226,
           0.5776508941874456,
           0.8255008255012384,
           0.9091372900969897,
           1,
           0.06419407387663695,
           0.9092802833058768,
           0.8861862597425679,
           0.048436516143258036,
           0.19583736295016008,
           0.6296747098623545,
           0.2710575994548432,
           0.7034824273301874,
           0.6359727033932192,
           0.6997427710610336,
           0.8025484218822244,
           0.5051814855409227,
           0.6114071708136378,
           0.2516098041413563,
           0.4043468521104056,
           0.39840953644479793,
           0.4266234589864648,
           0.888937237818653,
           0.31825065929681456,
           0.4000221625065965,
           0.030015011259383214,
           0.015256954942433839,
           0.7372097807744857,
           0.09103456935516069,
           0.32868786756695834,
           0,
           0.030096463271442307,
           0.29211869733608864,
           0.7071344712294845,
           0.07987620630283673,
           0,
           0.2187044413199266,
           0.2389747227818352,
           0.04811252243246882,
           0.025515518153991442,
           0.07647191129018727,
           0.010583343916682543,
           0,
           0.014580296087995109,
           0.29661187367265596,
           0.23589104878012412,
           0,
           0.308093938596656,
           0.051031036307982884,
           0.4154174479375601
          ],
          [
           0.5030084237156965,
           0,
           0.09783186641991003,
           0.23344490545796667,
           0.06419407387663695,
           0.9999999999999993,
           0.13341807012824414,
           0.2498606077393724,
           0.6268423987984483,
           0.1787960625070697,
           0.1094486728060783,
           0.03631365196012814,
           0.1888484121730633,
           0.08428527216546854,
           0.17001728362717622,
           0.34803847146447364,
           0.049416621110740085,
           0.25544927734399725,
           0.046148166728961076,
           0.12022037417169291,
           0.23529488718438513,
           0.02827013970960878,
           0.03018287746973841,
           0.03962144258751636,
           0.194620185490665,
           0.15414286801543484,
           0.13319922860816816,
           0.03785959930369332,
           0.10129391775555889,
           0.15345318729416424,
           0.11118739749916517,
           0.20092951701393552,
           0.03750457847507963,
           0.07712936068557387,
           0.10548162696116146,
           0.06802170238514359,
           0.014975497667455975,
           0.009818087045699813,
           0.21002063972064536,
           0.06551780229511989,
           0.17672556682259666,
           0.17392331807984004,
           0.07004147683506573,
           0.0599019906698239,
           0,
           0.019382793487652678,
           0,
           0.10548162696116146,
           0.039310681377071936,
           0.06692979034992366
          ],
          [
           0.6419807446651313,
           0.5643202107628984,
           0.7918540214305065,
           0.929758875058618,
           0.9092802833058768,
           0.13341807012824414,
           0.9999999999999996,
           0.858995226492919,
           0.07765838147065901,
           0.21320071635561041,
           0.6557818879744539,
           0.24143738529747982,
           0.6622111077170912,
           0.6943897632700011,
           0.6969983381867864,
           0.802219179297862,
           0.4392633034643705,
           0.6276685384462373,
           0.24812707360085762,
           0.4265067560258347,
           0.44359094224933326,
           0.4658108140655127,
           0.9161291373165199,
           0.3350139647127241,
           0.43132161207185904,
           0.040102615750571335,
           0.047564051356941375,
           0.7113709500522725,
           0.12162995120408177,
           0.33712911610949325,
           0,
           0.05361525678359896,
           0.2845904698636096,
           0.6967492494147338,
           0.10163945352271771,
           0,
           0.22077922077922074,
           0.24691807759881024,
           0.07499617376220959,
           0.022727272727272728,
           0.0851441646892449,
           0.028280500765375235,
           0.048592953074986255,
           0.06493506493506493,
           0.26419917896322564,
           0.2269228075466846,
           0,
           0.34557414197724023,
           0.13636363636363635,
           0.39904344223381105
          ],
          [
           0.7938121943838372,
           0.6682951125722248,
           0.820922069065183,
           0.8776306913981973,
           0.8861862597425679,
           0.2498606077393724,
           0.858995226492919,
           1.0000000000000004,
           0.21007400507761184,
           0.3085304536722668,
           0.6867804012152696,
           0.31454283979711384,
           0.7267635749376407,
           0.6331033028851927,
           0.6338301868277414,
           0.8553082268105885,
           0.49157556676689096,
           0.6395968399976245,
           0.2773111460881942,
           0.3816234019553502,
           0.4070632421280353,
           0.4361769473284486,
           0.8026996949858676,
           0.30565748974169876,
           0.43900203592056264,
           0.05006849988533433,
           0.031812950201167825,
           0.6968588568215252,
           0.08858275947747084,
           0.30737428487218993,
           0,
           0.08785764965929088,
           0.2664854456694084,
           0.6524235837521034,
           0.08565603610802411,
           0,
           0.18241211373401758,
           0.24715518450471896,
           0.14045016193339743,
           0.021281413268968714,
           0.09567297464698798,
           0.026481357066618805,
           0,
           0.04864323032907135,
           0.2869740288312837,
           0.24396595173577423,
           0,
           0.34262414443209643,
           0.031922119903453075,
           0.4348010704102184
          ],
          [
           0.39529054538530106,
           0.03465834966066909,
           0.08858078930362388,
           0.14091341769030624,
           0.048436516143258036,
           0.6268423987984483,
           0.07765838147065901,
           0.21007400507761184,
           1,
           0.14165281524036177,
           0.09009009009009009,
           0.09863939238321437,
           0.23790013403608645,
           0.04769698391934521,
           0.1609375683328815,
           0.2819562850424143,
           0.03355780276070122,
           0.23129374346237086,
           0.16713740352130008,
           0.10885221783255589,
           0.16673100431301852,
           0,
           0,
           0.05381220025006314,
           0.11747780674506492,
           0.1674803609170775,
           0.1135094391346417,
           0.09141215602547478,
           0.18343093134769659,
           0.175993837885964,
           0.13423121104280486,
           0.223913138550096,
           0.16130101679164338,
           0.1513111877114659,
           0.10611908999450223,
           0.09238425536915801,
           0.0949157995752499,
           0,
           0.2013468165642073,
           0.05932237473453118,
           0.18668326147193273,
           0.039369239690499505,
           0.10146925788636821,
           0.054237599757285655,
           0.02206747516020881,
           0.03509987509951042,
           0.018614519776248502,
           0.08489527199560178,
           0.023728949893812475,
           0.045450632861858666
          ],
          [
           0.472906004845337,
           0.31139957766460913,
           0.19897095972842183,
           0.15826048840199922,
           0.19583736295016008,
           0.1787960625070697,
           0.21320071635561041,
           0.3085304536722668,
           0.14165281524036177,
           0.9999999999999998,
           0.7386182508961722,
           0.3077287274483318,
           0.5594221582520085,
           0.4392633034643705,
           0.18074970137030527,
           0.4470583938310467,
           0.4271410714851652,
           0.3030615416575734,
           0.1689414875501125,
           0.4445542244743871,
           0.4889470974136815,
           0.3018537766524362,
           0.19950480381477514,
           0.24174688920761409,
           0.37382957256351107,
           0,
           0.039838424301008715,
           0.16683127576028722,
           0.03961771111070693,
           0.05201564866102994,
           0,
           0.07858682668274145,
           0.03813850356982369,
           0.11111348444340044,
           0.059591411827849515,
           0,
           0.060914490387317256,
           0.09984038297885894,
           0.2889483718870235,
           0.06662522386112825,
           0.17971268936194615,
           0.044215768828538185,
           0,
           0.07614311298414658,
           0.08674427949190669,
           0.07884165279854434,
           0,
           0.15493767075240872,
           0.026650089544451302,
           0.12761452161188575
          ],
          [
           0.644495454432556,
           0.606521119061709,
           0.6200655251253673,
           0.6106248099913271,
           0.6296747098623545,
           0.1094486728060783,
           0.6557818879744539,
           0.6867804012152696,
           0.09009009009009009,
           0.7386182508961722,
           1.0000000000000002,
           0.3945575695328575,
           0.7954785731831637,
           0.7249941555740471,
           0.5247964184767875,
           0.7380620402580846,
           0.6487841867068903,
           0.5878715979668593,
           0.3008473263383401,
           0.5046784644963954,
           0.546507180803783,
           0.48634086454608827,
           0.6558901202800428,
           0.3946228018337964,
           0.4405417752939934,
           0.006978348371544895,
           0.035471699729575534,
           0.52561989714648,
           0.06349532238958727,
           0.20378233860480044,
           0,
           0.069972855796905,
           0.1952591255898841,
           0.4481139020685721,
           0.09550718099505201,
           0.015397375894859667,
           0.16271279927185697,
           0.24002133617819926,
           0.15660307954993902,
           0.035593424840718715,
           0.08889679117711083,
           0.02952692976787463,
           0.025367314471592052,
           0.10847519951457131,
           0.1986072764418793,
           0.18427434427242972,
           0.018614519776248502,
           0.2971334519846062,
           0.0949157995752499,
           0.3257295355099871
          ],
          [
           0.3031708566238036,
           0.3162277660168379,
           0.2634211096392698,
           0.1714285714285714,
           0.2710575994548432,
           0.03631365196012814,
           0.24143738529747982,
           0.31454283979711384,
           0.09863939238321437,
           0.3077287274483318,
           0.3945575695328575,
           0.9999999999999997,
           0.2894180042535261,
           0.22049836421055058,
           0.40009056945661176,
           0.30265996338319096,
           0.4898979485566356,
           0.38689885196196244,
           0.6608271381079535,
           0.45746624172592293,
           0.3493304252877868,
           0.46709936649691375,
           0.382338952064756,
           0.5782774091253797,
           0.3930242805557729,
           0.19525912558988404,
           0.13809019264067296,
           0.3892269062398729,
           0.14590796564377734,
           0.19156829773846376,
           0,
           0.1702513061517497,
           0.19623115620784243,
           0.25487723714572386,
           0.1936491673103708,
           0.07492686492653551,
           0.2474358296526967,
           0.25955427380922,
           0.17690759253434063,
           0.12990381056766578,
           0.11896237549589252,
           0.09578949441427993,
           0.061721339984836754,
           0.2639315516295431,
           0.1879236954599268,
           0.1601281538050871,
           0.3623286509262706,
           0.1936491673103708,
           0.1732050807568877,
           0.2764654065504548
          ],
          [
           0.6807654641784815,
           0.4862106724413914,
           0.609152438272746,
           0.6718632241599714,
           0.7034824273301874,
           0.1888484121730633,
           0.6622111077170912,
           0.7267635749376407,
           0.23790013403608645,
           0.5594221582520085,
           0.7954785731831637,
           0.2894180042535261,
           0.9999999999999998,
           0.5904047785761332,
           0.5312330834549513,
           0.7938318857888889,
           0.5446179626946829,
           0.6123659805310011,
           0.2206791593858922,
           0.4164687891474651,
           0.5350687511966641,
           0.3696518613583446,
           0.6314595939006228,
           0.26644016088780165,
           0.3958570200411831,
           0.005758645357389219,
           0.058543634708567195,
           0.5374728215228192,
           0.05239736167166731,
           0.22167133978147507,
           0,
           0.09238836233999154,
           0.21017083323121766,
           0.47544531700081016,
           0.11384253466690956,
           0.012706162331256701,
           0.15665208999759148,
           0.22007718726954417,
           0.2584627619567987,
           0.0293722668745484,
           0.13938221860404465,
           0.04873219506181967,
           0.020933516060466586,
           0.12308378499810758,
           0.23673566236455562,
           0.19551362638670153,
           0.015361001225823309,
           0.35028472205202943,
           0.0881168006236452,
           0.375065935354558
          ],
          [
           0.43676087234609123,
           0.6055300708194984,
           0.6878359394287947,
           0.6134165019391258,
           0.6359727033932192,
           0.08428527216546854,
           0.6943897632700011,
           0.6331033028851927,
           0.04769698391934521,
           0.4392633034643705,
           0.7249941555740471,
           0.22049836421055058,
           0.5904047785761332,
           1,
           0.6520128625624343,
           0.5707686505883183,
           0.6277576648248531,
           0.5612537103457413,
           0.21237274928075955,
           0.3457820374040623,
           0.5100245681582998,
           0.5149732311817697,
           0.6872699470455557,
           0.37986858819879316,
           0.4146469423807486,
           0.17734043940858907,
           0.1427281012068197,
           0.5686639734351584,
           0.276404328190509,
           0.4119429204355498,
           0,
           0.1630032156406086,
           0.24271195048676716,
           0.610065939983392,
           0.15731330124142318,
           0.06521546507260247,
           0.22972292920210563,
           0.20708691473246518,
           0.03553345272593508,
           0.050251890762960605,
           0.07530433262998734,
           0.07295229660608428,
           0.04029114820126902,
           0.0143576830751316,
           0.2570332003186866,
           0.20441471355728885,
           0,
           0.22473328748774735,
           0.13819269959814168,
           0.2807376245633295
          ],
          [
           0.4271605599504614,
           0.4710841643008948,
           0.7185838756531913,
           0.6445228018601954,
           0.6997427710610336,
           0.17001728362717622,
           0.6969983381867864,
           0.6338301868277414,
           0.1609375683328815,
           0.18074970137030527,
           0.5247964184767875,
           0.40009056945661176,
           0.5312330834549513,
           0.6520128625624343,
           1.0000000000000002,
           0.5925749219870337,
           0.7037361474426274,
           0.6961265051417844,
           0.4543539137445073,
           0.5303300858899106,
           0.5539711707038684,
           0.6461347526461297,
           0.7429172965304537,
           0.6548018997760396,
           0.5398654198968202,
           0.1626022231127917,
           0.1873455966960761,
           0.6389973242043073,
           0.17534838867386626,
           0.40288812414826797,
           0.10425720702853737,
           0.16304347826086957,
           0.29672121302810417,
           0.5876160134597019,
           0.1978141420187361,
           0.07175473098524099,
           0.24222607082590242,
           0.2899932927497064,
           0.1042572070285374,
           0.11979658937585393,
           0.1933288618331376,
           0.09937862110097327,
           0.10836518085787636,
           0.1579735244516755,
           0.3342256954681422,
           0.2726202733698435,
           0.04337361989746802,
           0.29672121302810417,
           0.16587220067425928,
           0.38831592171066287
          ],
          [
           0.7751941961837832,
           0.5742569045004267,
           0.6885515657081083,
           0.8287118045015944,
           0.8025484218822244,
           0.34803847146447364,
           0.802219179297862,
           0.8553082268105885,
           0.2819562850424143,
           0.4470583938310467,
           0.7380620402580846,
           0.30265996338319096,
           0.7938318857888889,
           0.5707686505883183,
           0.5925749219870337,
           1.0000000000000002,
           0.5251317537329332,
           0.6653340475443534,
           0.28462380556260647,
           0.48277670700000874,
           0.5286416686311806,
           0.4123358083841139,
           0.754687129773174,
           0.3137176386748175,
           0.4956363098404801,
           0.057812399805588464,
           0.05877333653653669,
           0.5995351667721267,
           0.10390705773896833,
           0.28990026989451834,
           0,
           0.10305650817165801,
           0.257883339504306,
           0.5732014911809379,
